sequence <- 1:10
s<-20:15
a=20:90*2
a=1:s
s=78
a=1:s-1
